INSERT INTO Покупка (id_товара,id_клиента,id_работника,Дата,Стоимость) VALUES (
            103,118,524,'2008-01-07',677
        ),(
            162,49,548,'1992-01-15',172
        ),(
            93,29,589,'2007-01-12',92
        ),(
            127,39,559,'2013-01-12',969
        ),(
            73,35,604,'2005-01-07',984
        ),(
            58,149,596,'1994-01-12',317
        ),(
            20,88,574,'1997-01-05',564
        ),(
            184,43,585,'2003-01-18',469
        ),(
            116,175,579,'1996-01-18',721
        ),(
            45,40,587,'2004-01-18',729
        ),(
            92,170,541,'2016-01-03',974
        ),(
            107,9,544,'2018-01-01',524
        ),(
            149,3,551,'2003-01-12',229
        ),(
            37,38,593,'2003-01-01',979
        ),(
            23,164,581,'1990-01-07',318
        ),(
            160,124,606,'1991-01-16',892
        ),(
            105,167,581,'2010-01-12',21
        ),(
            107,87,558,'2001-01-12',111
        ),(
            129,185,596,'2013-01-07',61
        ),(
            11,57,552,'2010-01-16',565
        ),(
            33,44,541,'2004-01-03',471
        ),(
            23,168,549,'2012-01-12',341
        ),(
            113,32,537,'1996-01-13',864
        ),(
            187,155,539,'2009-01-02',721
        ),(
            51,154,606,'1991-01-13',601
        ),(
            163,160,580,'1990-01-12',527
        ),(
            30,156,572,'1992-01-07',597
        ),(
            17,115,562,'2001-01-14',723
        ),(
            165,39,516,'2013-01-03',519
        ),(
            194,42,575,'2016-01-17',188
        ),(
            142,165,546,'1995-01-16',15
        ),(
            189,56,549,'1991-01-12',132
        ),(
            65,37,573,'2010-01-07',396
        ),(
            136,80,585,'1993-01-14',375
        ),(
            172,48,563,'2014-01-13',87
        ),(
            58,54,553,'2019-01-02',377
        ),(
            160,104,544,'2016-01-05',835
        ),(
            62,131,598,'2011-01-13',519
        ),(
            86,5,537,'2019-01-02',675
        ),(
            92,33,571,'2019-01-15',466
        ),(
            155,39,538,'2001-01-04',825
        ),(
            174,29,602,'2008-01-16',849
        ),(
            88,118,600,'1995-01-06',818
        ),(
            147,121,546,'2001-01-16',218
        ),(
            187,60,594,'2008-01-07',329
        ),(
            164,173,530,'1995-01-03',805
        ),(
            191,155,523,'1997-01-06',467
        ),(
            44,77,595,'2007-01-12',358
        ),(
            163,106,596,'2005-01-14',462
        ),(
            72,68,569,'1996-01-18',491
        ),(
            52,5,559,'1990-01-13',774
        ),(
            110,110,583,'2003-01-03',499
        ),(
            60,179,563,'2014-01-06',453
        ),(
            149,87,602,'2008-01-18',127
        ),(
            34,5,565,'2018-01-07',523
        ),(
            144,51,517,'2001-01-16',769
        ),(
            3,19,515,'1995-01-08',458
        ),(
            128,9,527,'2007-01-04',647
        ),(
            156,62,593,'1994-01-12',184
        ),(
            75,103,537,'2003-01-08',348
        ),(
            164,29,529,'2013-01-07',475
        ),(
            168,26,566,'2012-01-04',194
        ),(
            27,57,568,'1996-01-04',206
        ),(
            95,113,599,'1998-01-06',277
        ),(
            36,136,590,'2018-01-03',342
        ),(
            187,181,543,'2006-01-17',218
        ),(
            70,54,529,'1998-01-15',575
        ),(
            44,186,509,'1999-01-03',346
        ),(
            119,79,548,'2006-01-06',317
        ),(
            137,161,562,'2012-01-04',379
        ),(
            81,178,528,'2002-01-01',106
        ),(
            197,89,512,'2012-01-12',767
        ),(
            178,194,550,'1996-01-12',720
        ),(
            98,53,566,'2004-01-06',737
        ),(
            60,63,519,'1994-01-17',617
        ),(
            188,74,568,'2013-01-06',268
        ),(
            41,126,597,'1996-01-11',410
        ),(
            142,48,511,'2006-01-12',460
        ),(
            162,147,533,'2018-01-12',75
        ),(
            128,156,538,'1999-01-07',466
        ),(
            19,18,535,'2003-01-03',689
        ),(
            199,171,587,'2000-01-11',519
        ),(
            174,70,553,'1998-01-04',36
        ),(
            186,189,576,'2000-01-15',899
        ),(
            56,83,576,'2007-01-13',735
        ),(
            153,39,571,'2012-01-04',550
        ),(
            131,123,580,'2005-01-04',471
        ),(
            66,3,546,'2012-01-12',695
        ),(
            150,45,517,'1990-01-06',149
        ),(
            87,123,571,'2007-01-05',357
        ),(
            123,18,520,'2015-01-07',104
        ),(
            92,107,595,'2011-01-06',119
        ),(
            88,27,538,'2017-01-13',310
        ),(
            61,80,535,'2012-01-11',789
        ),(
            39,167,543,'2018-01-05',501
        ),(
            98,156,544,'2009-01-08',225
        ),(
            29,114,553,'2015-01-18',283
        ),(
            63,119,599,'1997-01-05',262
        ),(
            172,3,604,'1990-01-15',980
        ),(
            49,73,567,'2006-01-05',533
        ),(
            79,182,518,'2006-01-11',129
        ),(
            83,167,557,'2008-01-07',911
        ),(
            40,192,522,'2013-01-05',977
        ),(
            78,86,539,'2011-01-02',790
        ),(
            45,136,510,'2000-01-11',748
        ),(
            167,144,528,'2009-01-02',218
        ),(
            117,142,537,'2001-01-02',694
        ),(
            57,79,568,'2010-01-04',91
        ),(
            149,59,525,'2000-01-07',481
        ),(
            27,85,539,'1992-01-16',123
        ),(
            148,23,545,'1994-01-18',390
        ),(
            77,65,533,'1996-01-13',363
        ),(
            151,37,575,'1990-01-14',674
        ),(
            180,111,542,'1997-01-15',458
        ),(
            78,76,579,'2015-01-04',635
        ),(
            89,72,542,'2006-01-12',15
        ),(
            25,145,587,'1993-01-03',986
        ),(
            190,93,561,'2008-01-06',159
        ),(
            105,65,557,'2000-01-14',748
        ),(
            88,61,523,'2003-01-12',858
        ),(
            19,51,601,'1993-01-08',279
        ),(
            3,16,535,'2005-01-13',304
        ),(
            111,184,534,'2010-01-11',541
        ),(
            18,186,525,'2018-01-17',841
        ),(
            186,84,540,'2011-01-07',575
        ),(
            116,94,532,'2003-01-12',86
        ),(
            112,139,581,'2014-01-12',855
        ),(
            86,61,598,'2000-01-04',329
        ),(
            49,121,567,'2008-01-05',56
        ),(
            114,192,600,'1997-01-03',680
        ),(
            151,195,569,'1997-01-14',746
        ),(
            92,11,527,'1999-01-01',176
        ),(
            52,22,517,'2009-01-18',456
        ),(
            84,183,597,'1994-01-11',315
        ),(
            151,182,523,'2015-01-02',870
        ),(
            127,115,598,'1993-01-07',122
        ),(
            125,174,607,'1998-01-08',940
        ),(
            159,106,562,'1990-01-14',452
        ),(
            38,70,539,'2015-01-03',488
        ),(
            31,174,585,'2013-01-13',651
        ),(
            34,27,538,'2011-01-03',284
        ),(
            177,120,527,'1991-01-14',862
        ),(
            51,25,594,'2011-01-02',17
        ),(
            123,143,549,'2016-01-07',503
        ),(
            113,86,558,'2019-01-02',790
        ),(
            170,167,526,'2005-01-02',534
        ),(
            54,99,587,'1991-01-17',504
        ),(
            41,44,602,'1993-01-16',373
        ),(
            45,50,508,'1996-01-14',302
        ),(
            52,110,599,'2001-01-01',751
        ),(
            177,124,524,'2001-01-12',53
        ),(
            68,9,526,'2017-01-04',183
        ),(
            18,82,557,'2004-01-07',879
        ),(
            33,26,555,'2000-01-08',183
        ),(
            83,153,606,'2019-01-14',983
        ),(
            156,112,510,'2000-01-16',331
        ),(
            189,89,519,'2007-01-02',927
        ),(
            190,54,522,'1998-01-04',245
        ),(
            120,138,567,'2007-01-13',392
        ),(
            115,27,605,'1999-01-14',297
        ),(
            71,129,591,'2015-01-12',382
        ),(
            96,116,568,'2000-01-11',934
        ),(
            113,41,519,'2003-01-14',943
        ),(
            8,150,522,'1995-01-14',228
        ),(
            92,60,555,'2013-01-03',630
        ),(
            169,151,547,'2013-01-07',504
        ),(
            15,159,601,'2007-01-02',307
        ),(
            48,95,532,'2018-01-02',40
        ),(
            70,141,565,'2010-01-18',283
        ),(
            81,76,578,'2007-01-18',658
        ),(
            122,97,604,'2001-01-08',444
        ),(
            194,183,553,'1997-01-17',969
        ),(
            82,62,515,'2008-01-05',252
        ),(
            117,119,569,'1993-01-16',604
        ),(
            126,181,573,'2018-01-01',841
        ),(
            111,37,541,'2003-01-13',76
        ),(
            166,101,543,'1999-01-05',132
        ),(
            179,107,570,'2014-01-11',119
        ),(
            34,62,550,'1991-01-12',333
        ),(
            47,142,550,'2006-01-13',274
        ),(
            14,161,571,'1994-01-15',411
        ),(
            51,100,597,'2000-01-14',953
        ),(
            123,174,602,'2006-01-06',408
        ),(
            24,111,512,'2005-01-12',756
        ),(
            21,10,532,'2000-01-08',288
        ),(
            165,118,547,'2012-01-03',405
        ),(
            118,200,578,'2001-01-05',677
        ),(
            111,27,552,'2000-01-13',104
        ),(
            182,125,524,'1999-01-02',990
        ),(
            27,52,587,'2012-01-15',859
        ),(
            52,76,606,'2018-01-16',964
        ),(
            79,148,600,'2019-01-13',585
        ),(
            89,87,593,'1993-01-01',836
        ),(
            29,22,514,'1999-01-12',73
        ),(
            136,112,599,'1990-01-13',614
        ),(
            22,20,576,'2015-01-06',256
        ),(
            176,190,600,'1992-01-05',967
        ),(
            167,27,591,'2000-01-01',272
        ),(
            77,127,544,'2011-01-04',280
        ),(
            156,135,580,'2007-01-02',380
        ),(
            45,119,582,'1992-01-13',588
        ),(
            85,124,588,'2018-01-01',63
        ),(
            162,85,516,'2019-01-14',343
        ),(
            40,138,509,'1999-01-13',32
        ),(
            61,176,528,'2017-01-18',971
        ),(
            145,147,579,'2013-01-07',198
        ),(
            166,63,526,'2004-01-08',731
        ),(
            9,4,575,'2015-01-07',600
        ),(
            41,105,517,'2003-01-02',350
        ),(
            141,83,569,'2016-01-15',677
        ),(
            53,148,601,'1994-01-13',623
        ),(
            51,160,582,'2005-01-03',130
        ),(
            39,168,542,'1995-01-08',355
        ),(
            104,43,544,'2006-01-11',488
        ),(
            177,133,591,'2012-01-13',381
        ),(
            114,174,579,'2001-01-17',756
        ),(
            40,190,592,'1991-01-11',365
        ),(
            48,10,583,'2004-01-03',942
        ),(
            118,65,517,'2013-01-01',523
        ),(
            197,194,604,'2006-01-18',437
        ),(
            149,30,561,'1990-01-11',579
        ),(
            29,62,584,'2016-01-06',595
        ),(
            33,18,599,'1991-01-02',284
        ),(
            12,117,557,'2004-01-14',673
        ),(
            130,74,540,'1994-01-06',488
        ),(
            178,89,550,'2019-01-15',642
        ),(
            173,156,552,'1998-01-05',366
        ),(
            128,61,579,'2003-01-02',903
        ),(
            19,183,532,'2009-01-04',304
        ),(
            90,18,523,'2018-01-06',322
        ),(
            114,94,585,'2004-01-13',640
        ),(
            165,20,583,'2000-01-06',38
        ),(
            50,135,606,'2007-01-18',733
        ),(
            196,17,565,'2004-01-11',222
        ),(
            56,134,561,'1996-01-03',873
        ),(
            66,137,573,'2007-01-13',448
        ),(
            106,50,526,'2018-01-03',756
        ),(
            116,45,573,'2011-01-15',784
        ),(
            137,179,544,'2005-01-15',700
        ),(
            60,35,564,'2005-01-12',637
        ),(
            185,56,517,'2007-01-12',559
        ),(
            195,166,580,'2016-01-18',51
        ),(
            22,96,565,'2011-01-07',554
        ),(
            150,191,571,'1996-01-05',371
        ),(
            111,10,574,'2009-01-04',942
        ),(
            39,172,519,'2015-01-17',852
        ),(
            34,14,598,'2005-01-01',558
        ),(
            51,157,576,'2009-01-03',238
        ),(
            182,94,598,'1991-01-04',979
        ),(
            34,187,583,'2017-01-12',587
        ),(
            195,73,546,'1997-01-03',371
        ),(
            128,44,591,'2013-01-14',643
        ),(
            191,134,607,'2017-01-17',860
        ),(
            38,103,534,'1998-01-07',988
        ),(
            92,34,509,'1992-01-11',211
        ),(
            158,80,585,'1998-01-02',749
        ),(
            49,12,601,'2018-01-15',724
        ),(
            108,14,549,'2009-01-12',773
        ),(
            157,64,600,'2009-01-12',26
        ),(
            16,112,591,'2009-01-14',11
        ),(
            123,61,547,'1998-01-04',749
        ),(
            112,18,607,'2013-01-16',418
        ),(
            5,52,534,'1995-01-14',905
        ),(
            132,117,595,'2016-01-18',187
        ),(
            159,123,540,'2005-01-17',419
        ),(
            148,186,547,'2010-01-04',247
        ),(
            78,39,561,'2000-01-17',934
        ),(
            74,155,536,'2000-01-11',696
        ),(
            75,143,516,'2001-01-17',843
        ),(
            72,40,567,'2014-01-06',649
        ),(
            176,180,602,'2010-01-11',846
        ),(
            95,76,575,'2005-01-03',671
        ),(
            69,195,561,'1994-01-02',972
        ),(
            16,59,571,'2002-01-16',532
        ),(
            72,173,511,'2015-01-05',875
        ),(
            137,158,591,'1999-01-02',409
        ),(
            15,131,543,'1993-01-07',601
        ),(
            98,62,539,'2014-01-13',416
        ),(
            105,148,538,'2017-01-05',803
        ),(
            117,28,519,'1992-01-15',641
        ),(
            65,147,518,'2014-01-08',480
        ),(
            192,82,521,'1998-01-14',859
        ),(
            8,116,583,'1992-01-13',161
        ),(
            52,44,521,'1996-01-17',394
        ),(
            113,129,516,'2001-01-07',310
        ),(
            44,54,604,'2014-01-04',807
        ),(
            100,120,562,'2002-01-05',678
        ),(
            165,146,588,'2010-01-02',888
        ),(
            3,15,567,'1992-01-15',639
        ),(
            50,118,526,'2007-01-02',752
        ),(
            15,168,563,'2019-01-11',156
        ),(
            75,195,575,'1999-01-18',826
        ),(
            136,135,535,'2001-01-07',333
        ),(
            148,88,557,'1999-01-05',153
        ),(
            161,95,510,'2016-01-04',131
        ),(
            20,76,583,'2011-01-17',44
        ),(
            137,180,554,'2014-01-04',624
        ),(
            198,176,555,'1992-01-17',985
        ),(
            37,119,543,'2001-01-15',820
        ),(
            18,42,542,'2011-01-17',215
        ),(
            180,127,581,'1996-01-08',505
        ),(
            103,15,569,'2019-01-18',705
        ),(
            26,14,533,'2017-01-11',955
        ),(
            83,81,509,'2011-01-07',92
        ),(
            31,49,587,'2015-01-15',926
        ),(
            105,74,508,'2006-01-14',87
        ),(
            72,68,594,'2004-01-04',616
        ),(
            147,34,538,'2019-01-03',2
        ),(
            69,123,585,'2017-01-01',141
        ),(
            74,23,530,'1997-01-15',970
        ),(
            140,69,513,'1996-01-14',925
        ),(
            185,129,557,'1993-01-11',266
        ),(
            37,163,570,'2016-01-16',796
        ),(
            33,149,521,'2001-01-15',985
        ),(
            5,87,550,'1995-01-13',452
        ),(
            72,30,603,'2009-01-15',573
        ),(
            73,84,584,'2013-01-16',194
        ),(
            116,122,580,'2007-01-03',80
        ),(
            197,17,587,'2003-01-14',316
        ),(
            21,150,586,'2010-01-03',640
        ),(
            170,95,586,'2019-01-13',905
        ),(
            117,6,594,'2018-01-04',992
        ),(
            192,6,599,'1997-01-13',488
        ),(
            45,18,579,'2002-01-03',696
        ),(
            79,13,575,'1995-01-18',269
        ),(
            29,122,573,'2010-01-02',589
        ),(
            77,128,530,'2019-01-07',568
        ),(
            63,35,604,'2012-01-16',802
        ),(
            19,157,605,'2009-01-18',182
        ),(
            95,55,544,'2011-01-07',524
        ),(
            127,17,570,'1997-01-13',4
        ),(
            56,144,554,'1995-01-18',734
        ),(
            65,113,561,'2002-01-11',824
        ),(
            60,11,537,'1999-01-03',217
        ),(
            37,114,567,'1996-01-07',434
        ),(
            67,52,563,'2005-01-07',204
        ),(
            177,145,540,'2009-01-17',673
        ),(
            191,178,533,'2004-01-08',0
        ),(
            140,15,531,'1992-01-01',295
        ),(
            79,88,563,'1999-01-05',993
        ),(
            127,178,550,'1997-01-06',618
        ),(
            35,2,509,'2004-01-06',340
        ),(
            125,123,570,'1995-01-12',785
        ),(
            178,46,509,'1994-01-06',361
        ),(
            130,75,574,'1999-01-12',579
        ),(
            122,5,524,'2010-01-13',7
        ),(
            165,94,529,'2010-01-04',471
        ),(
            19,124,535,'2010-01-12',264
        ),(
            136,64,513,'2009-01-14',672
        ),(
            148,136,544,'2000-01-17',367
        ),(
            20,199,557,'2011-01-02',772
        ),(
            139,85,514,'2018-01-05',608
        ),(
            21,120,573,'2015-01-08',415
        ),(
            29,88,555,'2005-01-13',708
        ),(
            86,139,579,'2001-01-17',828
        ),(
            58,135,531,'1996-01-01',59
        ),(
            166,22,583,'2014-01-16',910
        ),(
            29,193,593,'2000-01-05',893
        ),(
            13,119,508,'1996-01-01',862
        ),(
            183,77,605,'2005-01-02',627
        ),(
            14,90,566,'2003-01-17',479
        ),(
            31,31,522,'2000-01-05',450
        ),(
            95,130,582,'2003-01-07',357
        ),(
            174,129,558,'1990-01-12',407
        ),(
            46,81,572,'2018-01-15',946
        ),(
            106,32,559,'2000-01-02',723
        ),(
            53,38,542,'2001-01-12',796
        ),(
            24,50,593,'2019-01-14',43
        ),(
            130,107,545,'2001-01-07',668
        ),(
            30,135,513,'2016-01-07',447
        ),(
            83,66,543,'2002-01-16',68
        ),(
            187,44,515,'1995-01-08',195
        ),(
            35,169,566,'2000-01-07',634
        ),(
            105,190,537,'1991-01-14',655
        ),(
            144,58,584,'2009-01-08',662
        ),(
            116,58,572,'2002-01-17',251
        ),(
            107,138,564,'2018-01-18',367
        ),(
            195,185,575,'1991-01-18',599
        ),(
            31,64,511,'2010-01-05',655
        ),(
            47,63,528,'1990-01-18',378
        ),(
            60,145,521,'2004-01-01',961
        ),(
            50,121,528,'2012-01-04',100
        ),(
            164,112,555,'1996-01-05',526
        ),(
            193,102,604,'1994-01-11',187
        ),(
            144,62,566,'2015-01-13',291
        ),(
            88,173,509,'2013-01-03',323
        ),(
            170,39,603,'2005-01-11',775
        ),(
            45,136,598,'2008-01-02',881
        ),(
            70,114,537,'1990-01-07',300
        ),(
            129,162,587,'2012-01-03',404
        ),(
            92,92,592,'2002-01-13',798
        ),(
            69,119,516,'2002-01-07',146
        ),(
            191,166,518,'2006-01-13',884
        ),(
            169,187,548,'1999-01-18',785
        ),(
            50,200,556,'1997-01-12',332
        ),(
            178,103,544,'1993-01-18',888
        ),(
            119,92,550,'2010-01-16',21
        ),(
            102,109,555,'2008-01-12',173
        ),(
            104,121,527,'2002-01-13',820
        ),(
            128,190,521,'1991-01-11',638
        ),(
            11,166,598,'2019-01-07',338
        ),(
            144,74,571,'2005-01-11',482
        ),(
            157,64,580,'1999-01-14',435
        ),(
            157,130,590,'2006-01-18',313
        ),(
            167,77,591,'2010-01-03',203
        ),(
            36,98,598,'1997-01-05',710
        ),(
            47,46,594,'2004-01-15',299
        ),(
            18,152,515,'2009-01-02',111
        ),(
            185,43,555,'2005-01-18',808
        ),(
            199,102,527,'2000-01-12',769
        ),(
            86,104,600,'2017-01-12',708
        ),(
            86,12,590,'1997-01-16',650
        ),(
            126,128,567,'2005-01-18',729
        ),(
            20,34,513,'2013-01-03',611
        ),(
            124,21,524,'2004-01-02',27
        ),(
            145,17,582,'2019-01-16',362
        ),(
            185,182,594,'2014-01-18',793
        ),(
            58,28,514,'1992-01-14',605
        ),(
            105,12,510,'1998-01-18',332
        ),(
            193,59,585,'1992-01-11',595
        ),(
            35,174,600,'2006-01-02',917
        ),(
            111,169,564,'1992-01-06',254
        ),(
            193,164,584,'2005-01-06',714
        ),(
            164,100,531,'2010-01-07',980
        ),(
            14,192,510,'1996-01-18',260
        ),(
            191,76,522,'2008-01-15',701
        ),(
            78,36,569,'2004-01-11',478
        ),(
            43,43,591,'2013-01-07',610
        ),(
            64,171,516,'2009-01-08',547
        ),(
            137,56,567,'2004-01-17',75
        ),(
            195,116,563,'2009-01-03',612
        ),(
            152,13,566,'1994-01-03',832
        ),(
            161,81,527,'1997-01-02',449
        ),(
            142,47,594,'2002-01-07',121
        ),(
            159,68,567,'1999-01-11',165
        ),(
            170,182,523,'2011-01-18',42
        ),(
            166,138,557,'2009-01-16',560
        ),(
            47,137,543,'2005-01-04',353
        ),(
            56,106,541,'1992-01-11',24
        ),(
            125,16,537,'1991-01-11',950
        ),(
            35,73,606,'1996-01-02',873
        ),(
            192,77,595,'2019-01-15',457
        ),(
            58,32,515,'1990-01-14',629
        ),(
            100,131,570,'2002-01-13',573
        ),(
            151,138,567,'1991-01-15',304
        ),(
            70,183,521,'1998-01-13',261
        ),(
            171,72,516,'1995-01-13',324
        ),(
            6,77,558,'2004-01-13',325
        ),(
            73,16,512,'1993-01-04',907
        ),(
            185,82,590,'2013-01-06',38
        ),(
            96,7,546,'2005-01-08',736
        ),(
            153,48,544,'2008-01-03',447
        ),(
            136,17,546,'2013-01-02',811
        ),(
            173,183,553,'2000-01-02',943
        ),(
            46,103,508,'2002-01-03',328
        ),(
            90,100,516,'2014-01-02',619
        ),(
            64,30,584,'1998-01-14',569
        ),(
            20,92,515,'2004-01-15',552
        ),(
            154,172,556,'1990-01-06',506
        ),(
            101,52,544,'2009-01-11',197
        ),(
            79,79,590,'2017-01-08',555
        ),(
            138,124,584,'2002-01-07',592
        ),(
            94,43,591,'2015-01-07',866
        ),(
            82,120,578,'1995-01-17',465
        ),(
            112,178,524,'2003-01-14',764
        ),(
            166,37,590,'2000-01-01',326
        ),(
            75,190,560,'2004-01-03',670
        ),(
            159,199,571,'2002-01-14',588
        ),(
            73,13,602,'2016-01-16',860
        ),(
            5,161,606,'1994-01-04',437
        ),(
            98,200,604,'1993-01-11',468
        ),(
            175,179,520,'2011-01-04',832
        ),(
            100,14,571,'2017-01-17',87
        ),(
            66,37,602,'2016-01-12',218
        ),(
            8,140,530,'2018-01-14',715
        ),(
            14,199,554,'1999-01-03',877
        ),(
            107,12,525,'2013-01-07',27
        ),(
            41,156,600,'1990-01-05',507
        ),(
            74,21,546,'2001-01-12',653
        ),(
            165,136,589,'2019-01-04',185
        ),(
            20,53,598,'2012-01-02',877
        ),(
            49,108,529,'2015-01-18',29
        ),(
            196,184,565,'2012-01-14',651
        ),(
            7,146,580,'1995-01-14',305
        ),(
            26,123,573,'2001-01-02',619
        ),(
            15,150,550,'1994-01-02',686
        ),(
            73,173,533,'2006-01-04',998
        ),(
            107,103,546,'2013-01-08',876
        ),(
            42,68,591,'2019-01-07',338
        ),(
            148,3,587,'2017-01-03',963
        ),(
            74,72,530,'2004-01-13',610
        ),(
            105,94,580,'2004-01-06',501
        ),(
            180,156,601,'2011-01-12',449
        ),(
            139,2,523,'1994-01-11',864
        ),(
            186,31,535,'2001-01-03',556
        ),(
            95,183,583,'2011-01-04',887
        ),(
            109,23,548,'1995-01-08',118
        ),(
            178,196,540,'1997-01-15',247
        ),(
            95,165,600,'2008-01-06',668
        ),(
            29,145,508,'2000-01-07',979
        );