INSERT INTO Расположение (id_товара,id_склада,Отдел,Номер_шкафчика,Полка) VALUES (
            25,6,8,12,10
        ),(
            153,6,19,9,15
        ),(
            161,4,10,17,1
        ),(
            158,9,5,8,11
        ),(
            56,2,1,16,1
        ),(
            161,1,2,4,11
        ),(
            178,8,14,18,15
        ),(
            44,5,9,18,17
        ),(
            26,2,10,17,10
        ),(
            153,3,12,8,6
        ),(
            63,6,2,5,13
        ),(
            148,3,9,20,14
        ),(
            99,7,7,10,13
        ),(
            165,2,7,5,5
        ),(
            149,8,8,4,9
        ),(
            135,9,14,9,6
        ),(
            121,7,15,14,10
        ),(
            182,9,20,2,10
        ),(
            13,3,10,10,2
        ),(
            110,7,9,4,1
        ),(
            18,5,16,9,10
        ),(
            174,1,11,5,19
        ),(
            181,2,9,19,10
        ),(
            30,9,18,18,16
        ),(
            166,2,6,15,14
        ),(
            179,1,12,16,10
        ),(
            14,6,15,3,17
        ),(
            144,6,4,15,15
        ),(
            99,2,4,17,17
        ),(
            127,8,7,10,5
        ),(
            66,2,19,14,18
        ),(
            69,9,17,1,9
        ),(
            52,1,20,20,7
        ),(
            158,5,17,5,15
        ),(
            174,4,11,16,1
        ),(
            53,2,11,17,10
        ),(
            92,5,11,3,6
        ),(
            93,5,14,18,5
        ),(
            165,7,1,1,15
        ),(
            120,5,18,11,4
        ),(
            73,9,15,9,4
        ),(
            163,8,14,7,2
        ),(
            97,8,3,9,6
        ),(
            171,9,19,4,16
        ),(
            15,5,13,18,2
        ),(
            151,9,4,9,7
        ),(
            172,7,20,7,18
        ),(
            26,4,5,17,19
        ),(
            90,3,14,3,9
        ),(
            152,2,18,9,16
        ),(
            169,6,14,4,16
        ),(
            7,6,3,15,4
        ),(
            192,7,14,2,15
        ),(
            24,6,17,7,16
        ),(
            103,7,14,2,17
        ),(
            115,1,19,7,6
        ),(
            173,1,10,19,17
        ),(
            82,9,20,3,14
        ),(
            56,2,5,16,20
        ),(
            62,1,20,16,8
        ),(
            132,8,6,18,14
        ),(
            158,7,19,5,5
        ),(
            136,6,5,18,8
        ),(
            119,9,17,1,20
        ),(
            50,8,1,19,2
        ),(
            109,7,3,10,3
        ),(
            181,4,10,14,8
        ),(
            77,5,10,1,7
        ),(
            27,3,3,2,16
        ),(
            162,8,15,13,6
        ),(
            40,8,17,20,4
        ),(
            58,5,10,11,6
        ),(
            47,3,16,11,15
        ),(
            138,1,7,8,9
        ),(
            148,2,3,17,18
        ),(
            24,2,18,14,3
        ),(
            162,6,18,19,10
        ),(
            116,3,13,3,5
        ),(
            199,5,16,6,12
        ),(
            196,6,9,19,4
        ),(
            133,4,7,9,3
        ),(
            79,2,1,8,18
        ),(
            187,4,13,7,15
        ),(
            72,4,10,10,17
        ),(
            158,4,13,7,7
        ),(
            34,5,4,17,17
        ),(
            163,6,1,4,10
        ),(
            44,3,7,17,5
        ),(
            145,8,12,4,13
        ),(
            93,8,20,13,18
        ),(
            19,9,19,1,14
        ),(
            7,3,8,9,3
        ),(
            64,9,7,8,2
        ),(
            121,6,3,4,3
        ),(
            39,9,10,20,9
        ),(
            8,1,9,18,7
        ),(
            197,1,16,4,20
        ),(
            170,4,8,17,9
        ),(
            59,2,14,7,15
        ),(
            65,1,16,9,5
        ),(
            24,6,8,16,15
        ),(
            29,2,17,20,1
        ),(
            40,5,5,2,14
        ),(
            108,1,16,18,3
        ),(
            186,1,15,18,2
        ),(
            74,8,13,4,1
        ),(
            92,3,18,19,11
        ),(
            103,5,4,7,8
        ),(
            70,7,9,13,17
        ),(
            24,4,20,16,9
        ),(
            7,1,4,13,20
        ),(
            68,3,11,5,20
        ),(
            84,8,13,15,12
        ),(
            108,7,5,5,18
        ),(
            150,8,3,15,8
        ),(
            59,7,12,5,2
        ),(
            142,8,6,1,1
        ),(
            38,2,20,3,7
        ),(
            198,9,7,19,9
        ),(
            90,1,15,3,9
        ),(
            27,2,12,9,14
        ),(
            150,6,13,9,9
        ),(
            36,6,6,7,8
        ),(
            4,4,19,8,13
        ),(
            199,1,3,1,5
        ),(
            151,7,10,7,20
        ),(
            95,8,15,12,18
        ),(
            45,8,2,18,12
        ),(
            193,3,18,12,7
        ),(
            43,9,11,4,19
        ),(
            188,6,3,5,9
        ),(
            159,5,7,15,15
        ),(
            55,3,13,8,4
        ),(
            50,7,18,12,14
        ),(
            194,4,6,15,12
        ),(
            119,9,7,16,5
        ),(
            84,7,19,16,14
        ),(
            53,1,4,20,5
        ),(
            39,9,4,19,10
        ),(
            68,2,16,9,12
        ),(
            93,4,7,3,12
        ),(
            81,1,10,1,11
        ),(
            12,9,6,1,17
        ),(
            148,1,3,11,17
        ),(
            26,3,17,19,18
        ),(
            181,1,10,5,13
        ),(
            124,6,6,14,12
        ),(
            147,9,18,8,19
        ),(
            192,3,19,4,4
        ),(
            181,7,7,4,15
        ),(
            110,2,16,4,14
        ),(
            131,5,1,19,10
        ),(
            112,3,19,15,1
        ),(
            61,9,4,10,19
        ),(
            60,9,10,6,6
        ),(
            64,9,11,14,4
        ),(
            196,6,9,6,14
        ),(
            126,9,10,2,7
        ),(
            66,2,20,14,14
        ),(
            181,8,5,5,5
        ),(
            123,3,5,7,16
        ),(
            120,3,7,1,18
        ),(
            133,5,10,6,5
        ),(
            50,1,20,4,13
        ),(
            9,6,20,2,18
        ),(
            156,1,1,5,9
        ),(
            135,1,11,4,6
        ),(
            156,6,16,1,12
        ),(
            72,1,14,12,16
        ),(
            114,5,19,3,18
        ),(
            128,8,17,2,11
        ),(
            66,3,14,8,4
        ),(
            15,3,9,1,11
        ),(
            116,4,16,6,16
        ),(
            28,3,17,19,1
        ),(
            45,1,12,12,1
        ),(
            167,6,4,1,9
        ),(
            100,5,14,16,10
        ),(
            194,3,6,13,2
        ),(
            171,7,7,12,19
        ),(
            193,1,6,9,4
        ),(
            116,3,4,10,15
        ),(
            39,5,1,12,12
        ),(
            44,6,18,13,18
        ),(
            173,4,1,4,16
        ),(
            198,7,14,5,3
        ),(
            79,1,15,5,9
        ),(
            90,5,19,15,7
        ),(
            90,9,3,6,18
        ),(
            48,4,7,7,12
        ),(
            71,8,16,15,15
        ),(
            100,3,1,18,5
        ),(
            53,4,12,5,8
        ),(
            137,8,17,20,9
        ),(
            117,4,3,7,16
        ),(
            75,3,5,3,16
        ),(
            129,1,11,9,16
        ),(
            28,5,10,12,11
        ),(
            90,1,5,16,4
        ),(
            80,6,4,5,8
        );