INSERT INTO Поставка (id_работника,id_поставщика,id_склада,Сумма,Дата) VALUES (
            518,11,4,2239,'1992-01-12'
        ),(
            573,12,8,1599,'2019-01-02'
        ),(
            506,10,7,4164,'2000-01-01'
        ),(
            503,13,5,3972,'1993-01-07'
        ),(
            525,12,4,466,'2004-01-13'
        ),(
            523,11,6,5701,'2001-01-05'
        ),(
            564,8,7,6412,'2010-01-11'
        ),(
            607,9,7,4504,'2017-01-06'
        ),(
            640,11,3,922,'2013-01-07'
        ),(
            502,13,3,6386,'2006-01-07'
        ),(
            615,7,8,1967,'2013-01-16'
        ),(
            568,12,9,5565,'1992-01-01'
        ),(
            610,10,6,786,'2014-01-05'
        ),(
            636,8,7,6037,'2012-01-01'
        ),(
            535,10,3,7071,'2005-01-01'
        ),(
            587,13,5,6831,'2011-01-03'
        ),(
            539,12,8,796,'2008-01-11'
        ),(
            574,13,2,950,'1994-01-05'
        ),(
            560,12,8,7678,'2013-01-01'
        ),(
            643,7,2,4100,'2003-01-13'
        ),(
            598,13,1,1874,'2013-01-18'
        ),(
            501,13,9,7700,'2015-01-17'
        ),(
            644,11,8,1396,'2003-01-12'
        ),(
            536,7,2,0,'2009-01-08'
        ),(
            516,8,9,9966,'2012-01-15'
        ),(
            580,9,2,580,'1994-01-14'
        ),(
            586,9,5,4881,'2011-01-18'
        ),(
            597,9,3,4961,'2000-01-17'
        ),(
            545,13,4,3923,'2016-01-06'
        ),(
            621,14,6,4356,'1993-01-15'
        ),(
            599,14,6,8145,'2007-01-17'
        ),(
            503,10,5,9656,'2003-01-06'
        ),(
            591,13,8,4372,'1991-01-14'
        ),(
            550,11,8,7794,'2019-01-13'
        ),(
            539,14,2,6036,'1992-01-05'
        ),(
            590,8,2,6441,'1992-01-12'
        ),(
            584,11,3,7327,'2002-01-11'
        ),(
            511,9,8,9416,'2007-01-17'
        ),(
            555,14,6,5069,'2005-01-17'
        ),(
            538,8,3,5531,'2011-01-12'
        ),(
            577,13,5,8916,'2017-01-17'
        ),(
            635,8,2,1693,'2003-01-05'
        ),(
            644,9,8,7889,'2005-01-04'
        ),(
            559,13,5,9946,'1994-01-13'
        ),(
            567,14,7,7183,'2006-01-13'
        ),(
            507,7,3,4551,'2005-01-15'
        ),(
            601,13,5,7764,'2018-01-05'
        ),(
            527,11,4,5478,'2016-01-17'
        ),(
            589,14,8,1366,'2007-01-11'
        ),(
            622,13,3,8723,'1992-01-15'
        );