INSERT INTO Состав_поставки (id_поставки,id_товара,Количество,Цена) VALUES (
            236,129,6,1926
        ),(
            234,85,4,9323
        ),(
            244,106,9,385
        ),(
            248,37,2,8154
        ),(
            238,90,9,9324
        ),(
            255,19,4,6122
        ),(
            227,10,8,3267
        ),(
            245,79,2,3849
        ),(
            246,122,8,3207
        ),(
            245,119,2,5830
        ),(
            227,55,9,8728
        ),(
            245,92,8,6588
        ),(
            225,93,9,2402
        ),(
            256,93,10,2054
        ),(
            230,57,6,3211
        ),(
            237,51,4,8189
        ),(
            241,81,10,4738
        ),(
            234,63,2,3582
        ),(
            238,35,6,6001
        ),(
            262,120,8,6248
        ),(
            260,94,4,5085
        ),(
            235,129,6,3315
        ),(
            246,122,9,8631
        ),(
            233,97,4,1004
        ),(
            241,22,4,9888
        ),(
            250,55,10,1609
        ),(
            231,91,2,5916
        ),(
            252,117,5,2918
        ),(
            264,31,7,3467
        ),(
            226,120,1,1936
        ),(
            230,59,8,3050
        ),(
            231,75,1,6209
        ),(
            253,90,8,2643
        ),(
            229,68,5,6643
        ),(
            263,91,7,2041
        ),(
            235,113,6,7477
        ),(
            248,4,6,4897
        ),(
            252,126,2,8886
        ),(
            235,128,9,3383
        ),(
            250,147,5,3002
        ),(
            263,37,1,718
        ),(
            251,148,9,5629
        ),(
            230,44,4,814
        ),(
            246,115,6,190
        ),(
            232,27,7,9994
        ),(
            261,140,5,3277
        ),(
            252,9,6,6640
        ),(
            252,68,10,1417
        ),(
            231,18,3,5245
        ),(
            226,14,2,8446
        );